222222222222222222222222222222222222222222222222222222222222222222
211111111111111111111111111111111111111111111111111111111111111112
211131311111313111113131111131311111313111113131111131311111313112
233111311333333113311131133111311331113113311131133111311331113112
213111311133333331311131113111311131113111311131113111311131113112
211111333333113331111133333111333111113331111133311111333111113332
211111111111111111111111111111111111111111144441111111111111111112
211111111111111111111111111111111113333333333333333311111111111112
211131311111313111113133333333333333313111113131111131311111313112
233111311331113113313333333333333333333333311131133111311331113112
213111311131113111311133333333333333333333333331113111311131113112
211111333133333333333333333333333333333333333133311111333111113332
211111111111113333333333333333333333333333333333311111111111111112
211111111111111111111111111111111111111111111111111111111111111112
211131311111313111113131111131311111313111113131111131311111313112
233111311331113113311131133111311331113333311131133111311331113112
213111311131113111311131113111311133333111311131113111311131113112
211111333111113331111133311111333111113331111133311111333111113332
211111111111111111111111111111111111111111111111111111111111111112
222222222222222222222222222222222222222222222222222222222222222222